74,5
74,4
74,3
74,1
74,0
13,131
71,35
73,5
73,4
73,3
73,1
73,0
13,25
13,75
72,5
72,4
72,3
72,1
72,0
13,16
13,19
10,16
10,26
10,36
10,14
10,20
10,18
67,187
67,186
67,185
10,2
67,184
67,183
67,182
67,181
67,180
67,179
67,178
67,177
67,176
67,175
67,174
67,173
67,172
67,171
67,170
67,169
19,7
67,168
67,167
67,166
67,165
67,164
67,163
67,162
67,161
19,6
67,160
67,159
67,158
67,157
67,156
67,155
67,154
67,153
67,152
67,151
67,150
67,149
67,148
67,147
67,146
67,145
19,2
67,144
67,143
67,142
67,141
67,140
67,139
67,138
67,137
67,136
67,135
67,134
67,133
19,5
14,9
67,132
67,131
14,2
67,130
15,9
67,129
15,2
17,8
67,1
66,20
66,19
66,18
17,7
66,17
66,16
66,15
66,14
17,6
66,13
17,2
66,12
66,1
65,9
17,1
65,8
17,5
65,1
18,7
56,5
18,6
56,2
18,2
56,1
18,1
55,5
18,5
55,2
55,1
13,26
54,5
13,58
54,1
50,5
13,56
13,30
50,1
13,53
36,5
36,2
13,38
13,24
36,1
13,62
28,2
21,7
13,61
21,6
21,5
21,2
13,65
13,33
13,20
21,1
13,71
20,5
13,73
20,2
13,51
20,1
13,60
19,10
